data.000:
  1 4 3 2 
Wynik = 32
data.001:
  3 17 9 8 15 14 11 16 13 19 6 4 5 18 1 2 10 7 20 12 
Wynik = 1286
data.002:
  19 14 6 20 3 10 17 9 18 12 7 15 1 13 16 5 4 11 2 8 
Wynik = 1365
data.003:
  16 3 20 18 7 1 12 10 5 2 9 4 19 14 17 6 13 11 8 15 
Wynik = 1159
data.004:
  13 16 9 17 11 19 10 6 7 15 1 12 5 20 2 3 8 14 4 18 
Wynik = 1325
data.005:
  5 3 12 10 20 19 9 18 7 17 15 13 4 16 6 2 14 11 8 1 
Wynik = 1305
data.006:
  11 5 20 13 8 17 6 16 1 7 12 14 2 18 10 15 9 4 19 3 
Wynik = 1228
data.007:
  5 16 15 14 2 11 1 20 13 8 6 9 7 17 19 12 4 3 18 10 
Wynik = 1278
data.008:
  17 12 9 2 14 10 18 4 16 19 7 8 6 5 20 15 13 1 3 11 
Wynik = 1223
data.009:
  4 2 20 18 17 15 1 10 7 9 16 13 8 3 5 12 6 14 11 19 
Wynik = 1291
data.010:
  7 19 11 12 16 6 1 13 10 15 2 8 3 4 18 14 17 5 20 9 
Wynik = 1151
data.011:
  18 5 2 17 3 6 12 9 15 10 20 13 8 14 19 11 4 7 1 16 
Wynik = 1680
data.012:
  17 12 5 13 15 7 20 9 11 19 10 1 6 2 3 4 18 16 8 14 
Wynik = 1729
data.013:
  4 9 16 7 2 5 12 13 11 15 1 20 6 14 17 10 3 18 19 8 
Wynik = 1557
data.014:
  3 9 20 18 13 4 16 15 1 10 11 2 7 8 6 19 12 14 17 5 
Wynik = 1439
data.015:
  16 8 4 20 18 14 15 13 9 6 1 7 3 17 2 5 19 12 11 10 
Wynik = 1502
data.016:
  20 8 19 18 16 11 14 3 6 15 13 4 5 7 12 17 10 9 2 1 
Wynik = 1453
data.017:
  19 6 7 10 3 17 1 4 8 20 18 9 2 5 16 14 15 13 11 12 
Wynik = 1562
data.018:
  8 7 18 20 14 4 17 2 5 9 19 3 6 11 1 13 15 10 16 12 
Wynik = 1609
data.019:
  14 12 8 17 4 11 2 20 1 19 16 3 13 18 7 15 10 5 6 9 
Wynik = 1647
data.020:
  5 13 17 9 19 4 7 8 16 6 20 2 10 3 18 1 15 14 11 12 
Wynik = 1653
data.021:
  16 15 10 8 9 12 13 11 5 1 20 14 17 2 18 6 7 19 3 4 
Wynik = 2410
data.022:
  18 3 11 4 5 13 1 12 16 19 15 6 14 10 20 17 7 9 8 2 
Wynik = 2150
data.023:
  5 19 4 20 11 13 1 9 16 8 15 17 18 3 12 2 10 14 6 7 
Wynik = 2411
data.024:
  14 3 18 5 2 8 12 4 6 11 20 15 13 1 7 19 16 10 17 9 
Wynik = 2262
data.025:
  10 9 19 11 15 13 5 2 3 18 17 4 20 12 14 1 16 6 8 7 
Wynik = 2397
data.026:
  18 6 8 20 16 9 17 4 13 15 10 2 14 5 1 3 7 12 11 19 
Wynik = 2349
data.027:
  10 12 16 14 5 19 18 6 7 17 4 2 11 15 20 8 9 3 1 13 
Wynik = 2362
data.028:
  4 2 16 10 20 5 1 14 6 7 3 11 17 19 13 12 8 18 15 9 
Wynik = 2249
data.029:
  1 17 11 8 2 13 14 18 7 3 16 9 10 6 15 4 12 19 20 5 
Wynik = 2320
data.030:
  6 3 17 8 19 15 12 9 10 16 1 2 13 5 7 18 4 11 20 14 
Wynik = 2277
data.031:
  10 36 24 50 39 38 40 46 17 31 41 12 18 6 26 32 49 13 8 5 44 22 43 4 2 34 42 21 25 27 45 16 28 29 9 14 15 47 1 11 33 7 30 20 48 23 35 19 37 3 
Wynik = 2733
data.032:
  50 49 15 10 37 5 45 33 8 14 7 43 28 38 44 2 46 39 22 16 32 18 40 36 9 30 29 17 19 42 6 13 41 27 35 34 21 24 3 12 25 48 23 11 20 26 47 1 31 4 
Wynik = 2843
data.033:
  27 8 22 2 16 24 18 30 35 25 41 7 3 33 46 31 32 37 6 48 34 15 13 1 11 20 10 36 49 5 21 4 45 40 26 9 17 29 28 43 47 19 38 50 42 44 14 23 39 12 
Wynik = 2640
data.034:
  42 26 12 23 50 3 27 13 2 25 14 41 35 16 36 34 22 7 18 19 9 24 47 39 28 15 4 11 10 40 20 5 45 46 38 49 8 37 6 1 33 29 48 17 31 43 32 21 44 30 
Wynik = 2782
data.035:
  46 48 7 3 19 9 29 10 44 50 30 36 32 21 34 28 20 39 13 1 5 24 40 4 18 31 41 8 37 16 12 35 14 2 43 23 22 47 11 15 26 6 38 17 25 49 45 33 27 42 
Wynik = 2868
data.036:
  1 28 21 41 4 33 22 5 35 25 29 50 48 24 36 46 43 20 39 10 16 19 8 30 34 11 3 9 23 15 6 49 38 18 7 17 13 45 44 37 2 32 26 14 42 47 40 27 12 31 
Wynik = 2850
data.037:
  37 43 45 20 49 18 13 12 42 15 25 21 27 5 39 7 23 32 46 6 10 31 35 33 30 9 11 3 44 48 29 17 26 2 36 40 34 14 8 24 47 22 16 50 19 4 38 1 28 41 
Wynik = 2758
data.038:
  7 17 47 34 30 2 10 36 43 50 27 15 33 5 8 23 1 35 14 26 9 21 31 4 18 25 20 37 28 24 6 46 16 44 19 39 11 48 29 45 49 3 12 41 32 42 22 13 38 40 
Wynik = 2721
data.039:
  12 13 1 3 24 29 50 28 9 44 15 39 49 47 33 40 37 5 2 20 30 34 48 18 25 19 21 32 11 26 38 46 31 23 22 36 7 6 41 27 35 45 14 10 16 43 42 4 17 8 
Wynik = 2576
data.040:
  6 34 1 39 19 44 31 33 30 36 48 20 27 8 35 43 2 22 18 15 21 29 11 3 49 24 10 5 7 46 4 13 17 16 47 37 40 41 38 28 42 14 25 9 32 26 50 23 45 12 
Wynik = 2790
data.041:
  44 25 30 42 20 49 32 34 33 31 36 37 43 8 38 29 4 6 14 2 7 47 15 28 11 23 35 46 9 22 17 18 40 3 48 5 13 12 10 21 45 26 24 16 50 41 19 27 1 39 
Wynik = 3135
data.042:
  35 49 24 47 33 28 12 46 10 31 42 23 11 18 25 20 39 34 38 14 5 43 7 3 29 16 50 44 19 6 4 36 21 8 32 37 15 9 40 41 2 13 26 27 45 48 1 17 30 22 
Wynik = 3032
data.043:
  24 28 25 46 10 20 1 29 31 16 4 17 9 47 32 33 34 38 7 40 42 3 26 41 48 43 45 23 2 12 30 49 19 35 13 22 37 18 5 50 15 39 44 11 27 6 36 21 14 8 
Wynik = 2986
data.044:
  20 5 22 37 18 2 44 10 13 39 46 6 41 34 48 36 9 19 16 8 31 14 1 47 40 25 30 28 23 38 4 12 21 29 15 33 7 11 35 26 24 3 32 43 17 49 50 45 27 42 
Wynik = 3198
data.045:
  6 42 1 48 10 46 14 11 33 49 50 38 45 31 12 18 29 36 17 44 2 16 5 30 4 7 25 15 47 40 22 8 3 28 24 9 35 41 39 37 34 13 19 27 20 26 21 43 23 32 
Wynik = 3160
data.046:
  3 45 5 24 44 28 15 38 42 11 40 41 9 10 25 14 33 2 19 13 23 26 6 39 46 1 49 12 29 43 4 30 36 47 34 50 27 21 48 31 17 22 32 8 37 18 20 35 16 7 
Wynik = 3178
data.047:
  26 41 6 27 33 32 17 2 23 46 9 20 37 13 16 44 1 24 19 28 22 5 49 14 10 45 3 50 7 25 43 47 29 39 31 8 30 11 12 35 42 36 38 34 21 15 48 4 40 18 
Wynik = 3277
data.048:
  6 17 11 14 8 1 18 34 20 26 13 35 9 22 16 24 29 50 33 47 2 32 48 3 44 37 45 15 10 23 42 19 12 49 30 31 46 4 7 43 25 27 36 28 5 38 41 21 39 40 
Wynik = 3123
data.049:
  33 44 47 27 23 30 37 39 16 21 18 6 28 35 9 46 32 22 26 48 4 12 42 10 31 8 3 2 11 17 7 41 40 1 14 20 24 34 13 50 36 25 19 45 5 15 38 49 43 29 
Wynik = 3002
data.050:
  11 21 15 49 9 39 17 8 27 38 7 10 6 1 36 42 13 24 44 4 32 16 41 20 26 43 3 48 22 28 25 47 30 37 35 29 46 34 33 5 2 31 19 18 12 23 50 40 14 45 
Wynik = 3257
data.051:
  35 43 20 50 45 31 5 10 33 26 6 8 36 42 29 41 46 47 28 49 32 1 13 16 34 12 48 2 38 7 39 22 17 40 11 23 14 37 21 24 18 19 9 15 4 30 44 27 25 3 
Wynik = 4082
data.052:
  33 20 32 43 38 49 37 45 50 14 36 30 39 1 19 17 11 41 42 31 26 15 6 44 35 23 46 29 5 25 40 47 18 10 22 12 13 34 7 48 2 28 4 16 8 21 3 24 27 9 
Wynik = 3921
data.053:
  24 27 19 12 14 8 16 45 28 22 5 46 11 2 17 32 39 9 38 4 31 49 47 21 43 48 26 3 7 44 34 20 37 18 6 36 33 41 29 23 1 30 15 13 25 42 10 35 40 50 
Wynik = 3927
data.054:
  20 4 8 21 24 1 45 3 36 44 49 13 17 16 22 23 38 14 12 31 7 40 11 33 29 30 32 46 35 47 15 9 43 5 6 2 10 50 39 41 37 48 27 42 19 25 18 26 34 28 
Wynik = 3969
data.055:
  40 48 2 4 19 25 31 23 33 49 32 15 5 28 34 18 26 36 42 45 10 22 6 38 8 39 16 44 35 27 46 13 21 50 7 20 3 14 41 37 12 24 29 47 17 43 9 1 30 11 
Wynik = 3835
data.056:
  14 21 13 50 33 5 45 16 37 42 20 47 49 40 32 31 12 46 11 28 36 15 39 8 17 18 23 29 1 25 30 7 9 41 19 43 24 4 10 6 27 2 22 3 35 34 48 44 26 38 
Wynik = 3914
data.057:
  20 4 15 2 46 23 43 29 12 38 14 28 11 5 34 49 27 22 24 41 45 10 36 13 31 26 50 47 40 37 17 48 18 35 9 8 39 19 33 32 30 21 3 42 1 7 6 25 44 16 
Wynik = 3952
data.058:
  32 20 6 28 38 26 22 3 8 33 12 13 21 25 41 16 18 49 27 30 42 7 4 47 11 5 35 48 45 9 37 24 43 29 17 34 31 15 36 19 39 50 14 40 2 10 46 23 1 44 
Wynik = 3938
data.059:
  35 14 37 9 28 32 29 26 8 1 6 38 7 12 46 18 24 41 10 17 3 50 34 45 49 13 42 31 11 48 5 21 36 16 47 27 22 23 33 30 43 39 4 40 19 2 44 25 15 20 
Wynik = 3952
data.060:
  36 19 1 33 22 15 42 10 37 14 4 50 47 7 21 9 8 18 20 28 31 27 44 39 3 38 23 43 49 24 32 35 25 5 17 29 13 45 41 40 6 2 11 12 46 26 16 30 48 34 
Wynik = 4079
data.061:
  10 93 84 19 60 50 71 68 46 56 65 72 24 40 29 58 12 35 33 34 5 7 77 87 64 26 32 96 85 90 21 14 53 95 74 98 13 4 99 28 80 39 3 62 47 54 15 97 16 69 83 38 6 36 49 31 45 78 18 42 89 51 17 94 27 11 52 48 25 67 8 92 44 2 22 9 91 37 70 76 73 79 88 86 41 81 43 75 100 57 82 63 59 23 61 20 30 66 1 55 
Wynik = 5519
data.062:
  46 83 16 33 60 98 15 88 76 77 86 45 20 80 5 25 10 29 92 65 39 58 53 43 8 69 31 100 68 37 93 40 79 66 7 61 34 90 54 67 6 51 70 42 57 19 14 59 24 26 9 3 1 28 12 94 78 47 85 89 48 56 23 95 27 22 11 81 91 32 36 35 71 55 97 96 41 50 18 38 87 63 84 21 74 64 4 17 30 2 49 44 62 82 13 72 73 75 52 99 
Wynik = 5348
data.063:
  94 68 82 28 41 89 17 1 38 97 51 42 11 12 30 10 25 23 90 61 96 58 32 43 2 77 57 65 31 14 70 16 45 40 100 86 62 39 59 19 75 95 34 22 67 91 21 88 6 92 79 18 54 81 99 44 24 53 56 80 13 46 60 74 37 69 47 49 93 35 78 50 83 73 15 33 29 84 20 52 4 98 3 66 76 63 72 8 85 87 27 71 7 26 5 9 64 48 36 55 
Wynik = 5219
data.064:
  21 96 51 57 37 67 20 45 59 80 23 52 79 28 49 78 18 95 66 82 9 83 81 7 92 88 70 31 54 32 73 64 98 33 10 40 26 69 27 2 11 89 3 1 43 44 6 4 65 39 85 16 15 55 90 75 12 19 74 68 100 47 41 48 36 8 87 94 5 53 29 34 24 30 62 25 35 84 17 71 86 72 58 76 99 13 22 97 91 63 50 60 46 61 42 77 14 93 56 38 
Wynik = 5023
data.065:
  12 2 98 24 74 77 41 51 21 68 50 11 87 57 58 10 94 82 97 86 5 75 16 78 79 72 64 47 8 88 4 29 44 33 70 67 92 84 99 7 28 69 56 20 93 60 27 96 55 100 85 54 71 73 25 15 59 35 65 81 40 62 95 48 38 34 9 45 42 43 89 23 14 80 13 6 32 26 31 19 3 46 30 49 52 36 18 91 37 90 61 66 53 17 76 39 63 22 83 1 
Wynik = 5266
data.066:
  54 49 70 1 47 29 21 69 20 83 73 8 39 90 92 72 6 4 86 80 61 53 91 56 37 3 85 88 95 97 57 27 42 98 50 34 31 78 44 7 68 67 5 99 26 100 71 9 96 82 14 17 33 12 46 22 40 76 28 23 16 51 24 65 48 59 64 30 25 93 10 52 45 11 87 13 35 62 58 63 43 55 75 60 74 77 15 41 2 19 79 81 18 84 66 89 38 94 32 36 
Wynik = 5139
data.067:
  79 35 50 13 20 62 89 98 77 64 96 75 7 45 16 80 12 40 19 91 2 14 66 85 76 81 86 11 24 8 99 18 21 100 69 46 27 3 29 10 49 67 42 68 92 53 94 9 61 78 41 17 44 87 60 30 63 26 95 83 37 52 39 84 51 74 65 56 25 23 34 88 31 36 93 47 48 57 59 90 33 54 43 82 58 73 97 70 4 72 1 38 32 15 5 71 22 55 6 28 
Wynik = 5259
data.068:
  56 29 21 83 86 74 42 91 64 87 52 80 17 27 85 76 35 73 67 8 9 30 22 46 70 45 12 6 49 75 1 65 96 14 2 59 36 41 90 25 79 43 54 31 69 57 26 7 34 48 18 32 13 68 62 47 44 93 16 100 24 19 84 72 15 39 5 89 77 71 51 88 20 97 33 11 92 37 60 23 58 78 94 81 4 3 10 38 63 28 50 61 95 99 55 82 66 53 98 40 
Wynik = 5120
data.069:
  70 9 4 24 47 48 60 84 72 57 6 43 19 63 75 53 49 95 28 51 58 29 40 44 73 21 2 59 16 34 93 81 100 83 54 80 55 1 11 5 98 65 35 85 96 32 23 45 79 33 86 12 67 68 50 20 36 38 87 66 71 37 74 52 94 92 99 61 42 56 41 78 31 88 77 30 14 22 3 25 7 76 89 46 62 64 91 13 26 39 82 27 15 8 18 69 10 97 90 17 
Wynik = 5489
